2729002
2729003
2729004
2741005
2741006
3247000
3247001
3247002
3247003
3252000
3252001
3252002
3252004
3252005
3252006
3252008
3275004
3275005
3794005
3794006
3849005
4014000
4014001
4014006
4014007
4014008
4014009
4014010
4014011
4416000
4416001
4416002
4416003
4416004
4416005
4416007
4416008
4453000
4453001
4453002
4453003
4453004
4487000
4487001
4487002
4487003
4487004
4509000
4509002
4509003
4509004
4509005
4509006
4509007
4525004
5052002
5052003
5052004
5603003
5658005
5752004
63190009469399846968
63190013983354685053
63190023167169963968
63190037269916627210
6766005
6766006
6766007
6787000
6787001
6787002
6787003
6788003
6788005
6788007
6788008
6820006
6875004
7519000
7519002
7519003
8030002
8150002
8193006
8193007
8193008
8193009
8193010
8193011
8595004
8595005
8595006
8595007
8642000
8655002
8655003
8724000
8724001
8724002
8724003
8724004
8873005
9284000
9284002
9284003
9348007
9420009
9420010
9420011
9420012
9420013
9420014
9922000
9922002
9922003
9922004
9922005
9922006
9922007
M1897_NO
M1897_RM
Train_1_AO
Train_1_Base
Train_1_Colorization
Train_1_Norm
Train_1_RMMap
Train_2_AO
Train_2_Base
Train_2_Colorization
Train_2_Norm
Train_2_RMMap
Train_3_AO
Train_3_Base
Train_3_Colorization
Train_3_Norm
Train_3_RMMap
Train_4_AO
Train_4_Base
Train_4_Colorization
Train_4_Norm
Train_4_RMMap
